 &plot nbnd=   8, nks=   478 /
            0.000000  0.000000  0.000000
  -40.017  -39.979  -16.315  -16.119  -16.119  -15.973  -15.973  -15.924
           -0.005208 -0.005208  0.000000
  -40.017  -39.979  -16.315  -16.119  -16.119  -15.973  -15.973  -15.924
           -0.010417 -0.010417  0.000000
  -40.017  -39.978  -16.315  -16.119  -16.119  -15.973  -15.973  -15.924
           -0.015625 -0.015625  0.000000
  -40.017  -39.978  -16.315  -16.119  -16.119  -15.974  -15.973  -15.924
           -0.020833 -0.020833  0.000000
  -40.017  -39.978  -16.315  -16.120  -16.119  -15.974  -15.974  -15.924
           -0.026042 -0.026042  0.000000
  -40.017  -39.978  -16.314  -16.120  -16.120  -15.975  -15.974  -15.924
           -0.031250 -0.031250  0.000000
  -40.016  -39.978  -16.314  -16.121  -16.121  -15.976  -15.975  -15.923
           -0.036458 -0.036458  0.000000
  -40.016  -39.978  -16.313  -16.122  -16.121  -15.977  -15.976  -15.923
           -0.041667 -0.041667  0.000000
  -40.016  -39.978  -16.313  -16.123  -16.122  -15.978  -15.977  -15.923
           -0.046875 -0.046875  0.000000
  -40.016  -39.978  -16.312  -16.125  -16.123  -15.980  -15.978  -15.923
           -0.052083 -0.052083  0.000000
  -40.016  -39.978  -16.312  -16.126  -16.124  -15.981  -15.979  -15.923
           -0.057292 -0.057292  0.000000
  -40.015  -39.978  -16.311  -16.128  -16.125  -15.983  -15.980  -15.923
           -0.062500 -0.062500  0.000000
  -40.015  -39.978  -16.310  -16.129  -16.127  -15.984  -15.981  -15.922
           -0.067708 -0.067708  0.000000
  -40.015  -39.977  -16.309  -16.131  -16.128  -15.986  -15.982  -15.922
           -0.072917 -0.072917  0.000000
  -40.015  -39.977  -16.308  -16.133  -16.129  -15.988  -15.984  -15.922
           -0.078125 -0.078125  0.000000
  -40.014  -39.977  -16.307  -16.135  -16.131  -15.990  -15.985  -15.922
           -0.083333 -0.083333  0.000000
  -40.014  -39.977  -16.306  -16.138  -16.133  -15.992  -15.987  -15.922
           -0.088542 -0.088542  0.000000
  -40.014  -39.977  -16.305  -16.140  -16.134  -15.995  -15.989  -15.922
           -0.093750 -0.093750  0.000000
  -40.013  -39.977  -16.303  -16.142  -16.136  -15.997  -15.991  -15.922
           -0.098958 -0.098958  0.000000
  -40.013  -39.976  -16.302  -16.145  -16.138  -15.999  -15.992  -15.922
           -0.104167 -0.104167  0.000000
  -40.012  -39.976  -16.301  -16.148  -16.140  -16.002  -15.994  -15.922
           -0.109375 -0.109375  0.000000
  -40.012  -39.976  -16.299  -16.151  -16.142  -16.005  -15.997  -15.922
           -0.114583 -0.114583  0.000000
  -40.011  -39.976  -16.298  -16.153  -16.144  -16.007  -15.999  -15.922
           -0.119792 -0.119792  0.000000
  -40.011  -39.975  -16.297  -16.156  -16.146  -16.010  -16.001  -15.922
           -0.125000 -0.125000  0.000000
  -40.010  -39.975  -16.295  -16.160  -16.148  -16.013  -16.003  -15.922
           -0.130208 -0.130208  0.000000
  -40.010  -39.975  -16.294  -16.163  -16.150  -16.016  -16.006  -15.922
           -0.135417 -0.135417  0.000000
  -40.009  -39.975  -16.292  -16.166  -16.153  -16.019  -16.008  -15.922
           -0.140625 -0.140625  0.000000
  -40.009  -39.974  -16.291  -16.169  -16.155  -16.022  -16.010  -15.922
           -0.145833 -0.145833  0.000000
  -40.008  -39.974  -16.289  -16.173  -16.157  -16.025  -16.013  -15.922
           -0.151042 -0.151042  0.000000
  -40.008  -39.974  -16.288  -16.176  -16.159  -16.028  -16.016  -15.923
           -0.156250 -0.156250  0.000000
  -40.007  -39.973  -16.286  -16.180  -16.162  -16.032  -16.018  -15.923
           -0.161458 -0.161458  0.000000
  -40.006  -39.973  -16.285  -16.184  -16.164  -16.035  -16.021  -15.923
           -0.166667 -0.166667  0.000000
  -40.006  -39.973  -16.283  -16.187  -16.166  -16.038  -16.024  -15.924
           -0.171875 -0.171875  0.000000
  -40.005  -39.972  -16.282  -16.191  -16.169  -16.042  -16.026  -15.924
           -0.177083 -0.177083  0.000000
  -40.004  -39.972  -16.280  -16.195  -16.171  -16.045  -16.029  -15.924
           -0.182292 -0.182292  0.000000
  -40.004  -39.972  -16.279  -16.199  -16.173  -16.048  -16.032  -15.925
           -0.187500 -0.187500  0.000000
  -40.003  -39.971  -16.278  -16.203  -16.175  -16.052  -16.035  -15.925
           -0.192708 -0.192708  0.000000
  -40.002  -39.971  -16.277  -16.206  -16.177  -16.055  -16.038  -15.926
           -0.197917 -0.197917  0.000000
  -40.002  -39.971  -16.276  -16.210  -16.178  -16.059  -16.041  -15.926
           -0.203125 -0.203125  0.000000
  -40.001  -39.970  -16.275  -16.214  -16.180  -16.062  -16.043  -15.927
           -0.208333 -0.208333  0.000000
  -40.000  -39.970  -16.275  -16.218  -16.182  -16.066  -16.046  -15.928
           -0.213542 -0.213542  0.000000
  -40.000  -39.970  -16.274  -16.222  -16.183  -16.069  -16.049  -15.928
           -0.218750 -0.218750  0.000000
  -39.999  -39.969  -16.274  -16.226  -16.184  -16.073  -16.052  -15.929
           -0.223958 -0.223958  0.000000
  -39.998  -39.969  -16.274  -16.230  -16.185  -16.076  -16.055  -15.930
           -0.229167 -0.229167  0.000000
  -39.997  -39.969  -16.274  -16.234  -16.186  -16.080  -16.058  -15.931
           -0.234375 -0.234375  0.000000
  -39.997  -39.968  -16.274  -16.238  -16.186  -16.083  -16.060  -15.931
           -0.239583 -0.239583  0.000000
  -39.996  -39.968  -16.275  -16.243  -16.186  -16.087  -16.063  -15.932
           -0.244792 -0.244792  0.000000
  -39.995  -39.968  -16.276  -16.247  -16.186  -16.090  -16.066  -15.933
           -0.250000 -0.250000  0.000000
  -39.994  -39.967  -16.277  -16.251  -16.186  -16.094  -16.069  -15.934
           -0.255208 -0.255208  0.000000
  -39.993  -39.967  -16.278  -16.254  -16.186  -16.097  -16.071  -15.935
           -0.260417 -0.260417  0.000000
  -39.993  -39.967  -16.280  -16.258  -16.185  -16.101  -16.074  -15.936
           -0.265625 -0.265625  0.000000
  -39.992  -39.967  -16.281  -16.262  -16.185  -16.104  -16.076  -15.937
           -0.270833 -0.270833  0.000000
  -39.991  -39.966  -16.283  -16.266  -16.184  -16.108  -16.078  -15.939
           -0.276042 -0.276042  0.000000
  -39.990  -39.966  -16.285  -16.270  -16.183  -16.111  -16.080  -15.940
           -0.281250 -0.281250  0.000000
  -39.990  -39.966  -16.287  -16.274  -16.182  -16.114  -16.082  -15.941
           -0.286458 -0.286458  0.000000
  -39.989  -39.965  -16.289  -16.277  -16.181  -16.117  -16.084  -15.942
           -0.291667 -0.291667  0.000000
  -39.988  -39.965  -16.292  -16.281  -16.180  -16.121  -16.086  -15.943
           -0.296875 -0.296875  0.000000
  -39.987  -39.965  -16.294  -16.285  -16.179  -16.124  -16.088  -15.945
           -0.302083 -0.302083  0.000000
  -39.986  -39.965  -16.296  -16.288  -16.178  -16.127  -16.089  -15.946
           -0.307292 -0.307292  0.000000
  -39.986  -39.964  -16.299  -16.292  -16.178  -16.130  -16.090  -15.947
           -0.312500 -0.312500  0.000000
  -39.985  -39.964  -16.301  -16.295  -16.177  -16.133  -16.091  -15.949
           -0.317708 -0.317708  0.000000
  -39.984  -39.964  -16.304  -16.299  -16.176  -16.136  -16.092  -15.950
           -0.322917 -0.322917  0.000000
  -39.983  -39.964  -16.306  -16.302  -16.175  -16.139  -16.093  -15.952
           -0.328125 -0.328125  0.000000
  -39.983  -39.963  -16.309  -16.305  -16.175  -16.142  -16.093  -15.953
           -0.333333 -0.333333  0.000000
  -39.982  -39.963  -16.311  -16.309  -16.175  -16.145  -16.093  -15.955
           -0.338542 -0.338542  0.000000
  -39.981  -39.963  -16.314  -16.312  -16.174  -16.147  -16.093  -15.956
           -0.343750 -0.343750  0.000000
  -39.980  -39.963  -16.316  -16.315  -16.174  -16.150  -16.092  -15.958
           -0.348958 -0.348958  0.000000
  -39.980  -39.963  -16.319  -16.318  -16.175  -16.153  -16.092  -15.960
           -0.354167 -0.354167  0.000000
  -39.979  -39.962  -16.321  -16.321  -16.175  -16.155  -16.091  -15.962
           -0.359375 -0.359375  0.000000
  -39.978  -39.962  -16.324  -16.323  -16.175  -16.158  -16.090  -15.963
           -0.364583 -0.364583  0.000000
  -39.978  -39.962  -16.326  -16.326  -16.176  -16.160  -16.088  -15.965
           -0.369792 -0.369792  0.000000
  -39.977  -39.962  -16.329  -16.328  -16.176  -16.162  -16.087  -15.967
           -0.375000 -0.375000  0.000000
  -39.976  -39.962  -16.331  -16.331  -16.177  -16.164  -16.085  -15.969
           -0.380208 -0.380208  0.000000
  -39.976  -39.962  -16.334  -16.333  -16.178  -16.166  -16.083  -15.971
           -0.385417 -0.385417  0.000000
  -39.975  -39.962  -16.336  -16.335  -16.179  -16.168  -16.081  -15.973
           -0.390625 -0.390625  0.000000
  -39.974  -39.962  -16.338  -16.337  -16.179  -16.170  -16.079  -15.975
           -0.395833 -0.395833  0.000000
  -39.974  -39.962  -16.340  -16.339  -16.180  -16.172  -16.077  -15.977
           -0.401042 -0.401042  0.000000
  -39.973  -39.962  -16.342  -16.341  -16.181  -16.174  -16.075  -15.979
           -0.406250 -0.406250  0.000000
  -39.972  -39.962  -16.344  -16.343  -16.182  -16.176  -16.073  -15.981
           -0.411458 -0.411458  0.000000
  -39.972  -39.962  -16.346  -16.344  -16.183  -16.177  -16.070  -15.984
           -0.416667 -0.416667  0.000000
  -39.971  -39.962  -16.348  -16.346  -16.184  -16.179  -16.068  -15.986
           -0.421875 -0.421875  0.000000
  -39.971  -39.962  -16.349  -16.348  -16.185  -16.180  -16.065  -15.988
           -0.427083 -0.427083  0.000000
  -39.970  -39.962  -16.351  -16.349  -16.186  -16.182  -16.063  -15.990
           -0.432292 -0.432292  0.000000
  -39.970  -39.962  -16.352  -16.351  -16.186  -16.183  -16.060  -15.993
           -0.437500 -0.437500  0.000000
  -39.969  -39.962  -16.354  -16.352  -16.187  -16.184  -16.057  -15.995
           -0.442708 -0.442708  0.000000
  -39.969  -39.962  -16.355  -16.353  -16.188  -16.185  -16.055  -15.997
           -0.447917 -0.447917  0.000000
  -39.968  -39.962  -16.356  -16.354  -16.189  -16.186  -16.052  -16.000
           -0.453125 -0.453125  0.000000
  -39.968  -39.962  -16.357  -16.356  -16.189  -16.187  -16.049  -16.002
           -0.458333 -0.458333  0.000000
  -39.967  -39.962  -16.358  -16.356  -16.190  -16.188  -16.047  -16.005
           -0.463542 -0.463542  0.000000
  -39.967  -39.963  -16.358  -16.357  -16.190  -16.189  -16.044  -16.007
           -0.468750 -0.468750  0.000000
  -39.966  -39.963  -16.359  -16.358  -16.191  -16.189  -16.041  -16.009
           -0.473958 -0.473958  0.000000
  -39.966  -39.963  -16.359  -16.359  -16.191  -16.190  -16.038  -16.012
           -0.479167 -0.479167  0.000000
  -39.966  -39.963  -16.360  -16.359  -16.191  -16.190  -16.036  -16.015
           -0.484375 -0.484375  0.000000
  -39.965  -39.963  -16.360  -16.360  -16.191  -16.191  -16.033  -16.017
           -0.489583 -0.489583  0.000000
  -39.965  -39.964  -16.360  -16.360  -16.191  -16.191  -16.030  -16.020
           -0.494792 -0.494792  0.000000
  -39.965  -39.964  -16.360  -16.360  -16.191  -16.191  -16.028  -16.022
           -0.500000 -0.500000  0.000000
  -39.964  -39.964  -16.360  -16.360  -16.191  -16.191  -16.025  -16.025
           -0.500000 -0.500000  0.007337
  -39.964  -39.964  -16.360  -16.360  -16.191  -16.191  -16.025  -16.025
           -0.500000 -0.500000  0.014674
  -39.964  -39.964  -16.360  -16.360  -16.191  -16.191  -16.025  -16.025
           -0.500000 -0.500000  0.022011
  -39.964  -39.964  -16.360  -16.360  -16.191  -16.191  -16.025  -16.025
           -0.500000 -0.500000  0.029349
  -39.964  -39.964  -16.360  -16.360  -16.191  -16.191  -16.025  -16.025
           -0.500000 -0.500000  0.036686
  -39.964  -39.964  -16.360  -16.360  -16.191  -16.191  -16.025  -16.025
           -0.500000 -0.500000  0.044023
  -39.964  -39.964  -16.360  -16.360  -16.191  -16.191  -16.025  -16.025
           -0.500000 -0.500000  0.051360
  -39.964  -39.964  -16.360  -16.360  -16.191  -16.191  -16.025  -16.025
           -0.500000 -0.500000  0.058697
  -39.964  -39.964  -16.360  -16.360  -16.191  -16.191  -16.025  -16.025
           -0.500000 -0.500000  0.066034
  -39.964  -39.964  -16.360  -16.360  -16.191  -16.191  -16.025  -16.025
           -0.500000 -0.500000  0.073372
  -39.964  -39.964  -16.360  -16.360  -16.191  -16.191  -16.025  -16.025
           -0.500000 -0.500000  0.080709
  -39.964  -39.964  -16.361  -16.361  -16.191  -16.191  -16.025  -16.025
           -0.500000 -0.500000  0.088046
  -39.964  -39.964  -16.361  -16.361  -16.191  -16.191  -16.025  -16.025
           -0.500000 -0.500000  0.095383
  -39.964  -39.964  -16.361  -16.361  -16.191  -16.191  -16.025  -16.025
           -0.500000 -0.500000  0.102720
  -39.964  -39.964  -16.361  -16.361  -16.191  -16.191  -16.025  -16.025
           -0.500000 -0.500000  0.110057
  -39.964  -39.964  -16.361  -16.361  -16.191  -16.191  -16.025  -16.025
           -0.500000 -0.500000  0.117394
  -39.964  -39.964  -16.361  -16.361  -16.191  -16.191  -16.025  -16.025
           -0.500000 -0.500000  0.124732
  -39.964  -39.964  -16.361  -16.361  -16.191  -16.191  -16.025  -16.025
           -0.500000 -0.500000  0.132069
  -39.964  -39.964  -16.361  -16.361  -16.191  -16.191  -16.025  -16.025
           -0.500000 -0.500000  0.139406
  -39.964  -39.964  -16.361  -16.361  -16.191  -16.191  -16.025  -16.025
           -0.500000 -0.500000  0.146743
  -39.964  -39.964  -16.361  -16.361  -16.191  -16.191  -16.025  -16.025
           -0.492647 -0.500000  0.146743
  -39.965  -39.964  -16.361  -16.360  -16.192  -16.191  -16.027  -16.023
           -0.485294 -0.500000  0.146743
  -39.965  -39.964  -16.361  -16.360  -16.192  -16.191  -16.029  -16.021
           -0.477941 -0.500000  0.146743
  -39.965  -39.964  -16.361  -16.359  -16.192  -16.190  -16.030  -16.020
           -0.470588 -0.500000  0.146743
  -39.965  -39.964  -16.361  -16.358  -16.192  -16.189  -16.032  -16.018
           -0.463235 -0.500000  0.146743
  -39.966  -39.963  -16.361  -16.357  -16.192  -16.188  -16.034  -16.016
           -0.455882 -0.500000  0.146743
  -39.966  -39.963  -16.361  -16.356  -16.193  -16.187  -16.036  -16.015
           -0.448529 -0.500000  0.146743
  -39.966  -39.963  -16.362  -16.354  -16.193  -16.186  -16.038  -16.013
           -0.441176 -0.500000  0.146743
  -39.967  -39.963  -16.362  -16.352  -16.193  -16.184  -16.040  -16.011
           -0.433824 -0.500000  0.146743
  -39.967  -39.963  -16.363  -16.350  -16.194  -16.182  -16.041  -16.010
           -0.426471 -0.500000  0.146743
  -39.967  -39.963  -16.363  -16.348  -16.194  -16.180  -16.043  -16.008
           -0.419118 -0.500000  0.146743
  -39.968  -39.963  -16.364  -16.345  -16.195  -16.178  -16.045  -16.007
           -0.411765 -0.500000  0.146743
  -39.968  -39.963  -16.364  -16.342  -16.195  -16.176  -16.047  -16.005
           -0.404412 -0.500000  0.146743
  -39.968  -39.963  -16.365  -16.339  -16.196  -16.173  -16.049  -16.004
           -0.397059 -0.500000  0.146743
  -39.969  -39.963  -16.365  -16.336  -16.196  -16.170  -16.050  -16.002
           -0.389706 -0.500000  0.146743
  -39.969  -39.963  -16.366  -16.333  -16.197  -16.168  -16.052  -16.001
           -0.382353 -0.500000  0.146743
  -39.970  -39.963  -16.367  -16.329  -16.198  -16.165  -16.054  -15.999
           -0.375000 -0.500000  0.146743
  -39.970  -39.963  -16.367  -16.325  -16.198  -16.162  -16.055  -15.998
           -0.367647 -0.500000  0.146743
  -39.971  -39.963  -16.368  -16.321  -16.199  -16.158  -16.057  -15.997
           -0.360294 -0.500000  0.146743
  -39.971  -39.963  -16.369  -16.317  -16.200  -16.155  -16.058  -15.995
           -0.352941 -0.500000  0.146743
  -39.972  -39.963  -16.370  -16.313  -16.201  -16.152  -16.060  -15.994
           -0.345588 -0.500000  0.146743
  -39.972  -39.964  -16.371  -16.308  -16.202  -16.148  -16.061  -15.993
           -0.338235 -0.500000  0.146743
  -39.973  -39.964  -16.372  -16.304  -16.202  -16.145  -16.062  -15.992
           -0.330882 -0.500000  0.146743
  -39.973  -39.964  -16.373  -16.299  -16.203  -16.142  -16.063  -15.991
           -0.323529 -0.500000  0.146743
  -39.974  -39.964  -16.374  -16.294  -16.204  -16.138  -16.064  -15.990
           -0.316176 -0.500000  0.146743
  -39.974  -39.964  -16.375  -16.289  -16.205  -16.135  -16.064  -15.989
           -0.308824 -0.500000  0.146743
  -39.975  -39.964  -16.376  -16.284  -16.206  -16.132  -16.065  -15.988
           -0.301471 -0.500000  0.146743
  -39.975  -39.964  -16.377  -16.279  -16.206  -16.129  -16.065  -15.987
           -0.294118 -0.500000  0.146743
  -39.976  -39.965  -16.378  -16.274  -16.207  -16.127  -16.064  -15.986
           -0.286765 -0.500000  0.146743
  -39.976  -39.965  -16.379  -16.269  -16.207  -16.125  -16.063  -15.985
           -0.279412 -0.500000  0.146743
  -39.977  -39.965  -16.380  -16.264  -16.208  -16.123  -16.062  -15.984
           -0.272059 -0.500000  0.146743
  -39.977  -39.965  -16.381  -16.260  -16.208  -16.121  -16.060  -15.983
           -0.264706 -0.500000  0.146743
  -39.978  -39.965  -16.382  -16.255  -16.208  -16.120  -16.058  -15.982
           -0.257353 -0.500000  0.146743
  -39.979  -39.966  -16.383  -16.251  -16.208  -16.119  -16.056  -15.981
           -0.250000 -0.500000  0.146743
  -39.979  -39.966  -16.384  -16.247  -16.207  -16.118  -16.053  -15.981
           -0.242647 -0.500000  0.146743
  -39.980  -39.966  -16.385  -16.243  -16.206  -16.118  -16.050  -15.980
           -0.235294 -0.500000  0.146743
  -39.980  -39.966  -16.387  -16.241  -16.204  -16.118  -16.046  -15.979
           -0.227941 -0.500000  0.146743
  -39.981  -39.967  -16.388  -16.238  -16.202  -16.118  -16.043  -15.978
           -0.220588 -0.500000  0.146743
  -39.981  -39.967  -16.389  -16.237  -16.199  -16.118  -16.039  -15.978
           -0.213235 -0.500000  0.146743
  -39.982  -39.967  -16.390  -16.236  -16.195  -16.119  -16.035  -15.977
           -0.205882 -0.500000  0.146743
  -39.982  -39.967  -16.391  -16.236  -16.191  -16.119  -16.031  -15.976
           -0.198529 -0.500000  0.146743
  -39.983  -39.968  -16.392  -16.235  -16.187  -16.120  -16.027  -15.976
           -0.191176 -0.500000  0.146743
  -39.983  -39.968  -16.393  -16.236  -16.183  -16.121  -16.023  -15.975
           -0.183824 -0.500000  0.146743
  -39.984  -39.968  -16.394  -16.236  -16.178  -16.121  -16.019  -15.974
           -0.176471 -0.500000  0.146743
  -39.984  -39.968  -16.395  -16.236  -16.174  -16.122  -16.016  -15.973
           -0.169118 -0.500000  0.146743
  -39.985  -39.968  -16.396  -16.237  -16.169  -16.122  -16.012  -15.973
           -0.161765 -0.500000  0.146743
  -39.985  -39.969  -16.397  -16.237  -16.165  -16.123  -16.008  -15.972
           -0.154412 -0.500000  0.146743
  -39.985  -39.969  -16.398  -16.238  -16.161  -16.123  -16.005  -15.971
           -0.147059 -0.500000  0.146743
  -39.986  -39.969  -16.399  -16.239  -16.157  -16.123  -16.002  -15.970
           -0.139706 -0.500000  0.146743
  -39.986  -39.969  -16.400  -16.239  -16.153  -16.123  -15.999  -15.968
           -0.132353 -0.500000  0.146743
  -39.987  -39.970  -16.400  -16.240  -16.150  -16.123  -15.997  -15.967
           -0.125000 -0.500000  0.146743
  -39.987  -39.970  -16.401  -16.241  -16.147  -16.122  -15.994  -15.966
           -0.117647 -0.500000  0.146743
  -39.987  -39.970  -16.402  -16.241  -16.145  -16.121  -15.992  -15.964
           -0.110294 -0.500000  0.146743
  -39.988  -39.970  -16.403  -16.242  -16.143  -16.120  -15.991  -15.962
           -0.102941 -0.500000  0.146743
  -39.988  -39.970  -16.403  -16.243  -16.142  -16.118  -15.989  -15.961
           -0.095588 -0.500000  0.146743
  -39.988  -39.970  -16.404  -16.243  -16.141  -16.116  -15.988  -15.959
           -0.088235 -0.500000  0.146743
  -39.988  -39.971  -16.405  -16.244  -16.141  -16.113  -15.987  -15.957
           -0.080882 -0.500000  0.146743
  -39.989  -39.971  -16.405  -16.244  -16.141  -16.111  -15.986  -15.955
           -0.073529 -0.500000  0.146743
  -39.989  -39.971  -16.406  -16.245  -16.141  -16.109  -15.986  -15.953
           -0.066176 -0.500000  0.146743
  -39.989  -39.971  -16.406  -16.245  -16.141  -16.107  -15.985  -15.952
           -0.058824 -0.500000  0.146743
  -39.989  -39.971  -16.407  -16.246  -16.141  -16.105  -15.985  -15.950
           -0.051471 -0.500000  0.146743
  -39.989  -39.971  -16.407  -16.246  -16.141  -16.103  -15.985  -15.949
           -0.044118 -0.500000  0.146743
  -39.990  -39.971  -16.407  -16.246  -16.141  -16.101  -15.985  -15.947
           -0.036765 -0.500000  0.146743
  -39.990  -39.971  -16.408  -16.247  -16.141  -16.100  -15.984  -15.946
           -0.029412 -0.500000  0.146743
  -39.990  -39.971  -16.408  -16.247  -16.141  -16.099  -15.984  -15.946
           -0.022059 -0.500000  0.146743
  -39.990  -39.971  -16.408  -16.247  -16.141  -16.098  -15.984  -15.945
           -0.014706 -0.500000  0.146743
  -39.990  -39.971  -16.408  -16.247  -16.142  -16.097  -15.984  -15.944
           -0.007353 -0.500000  0.146743
  -39.990  -39.971  -16.408  -16.247  -16.142  -16.097  -15.984  -15.944
            0.000000 -0.500000  0.146743
  -39.990  -39.971  -16.408  -16.247  -16.142  -16.097  -15.984  -15.944
            0.000000 -0.497949  0.153731
  -39.990  -39.971  -16.408  -16.247  -16.142  -16.097  -15.984  -15.944
            0.000000 -0.495898  0.160719
  -39.990  -39.971  -16.408  -16.247  -16.142  -16.097  -15.984  -15.944
            0.000000 -0.493847  0.167707
  -39.990  -39.971  -16.408  -16.247  -16.142  -16.097  -15.984  -15.944
            0.000000 -0.491796  0.174695
  -39.990  -39.971  -16.408  -16.246  -16.142  -16.097  -15.985  -15.944
            0.000000 -0.489745  0.181683
  -39.990  -39.972  -16.408  -16.246  -16.142  -16.097  -15.985  -15.944
            0.000000 -0.487694  0.188670
  -39.990  -39.972  -16.408  -16.245  -16.142  -16.097  -15.985  -15.944
            0.000000 -0.485643  0.195658
  -39.990  -39.972  -16.408  -16.244  -16.142  -16.097  -15.986  -15.944
            0.000000 -0.483592  0.202646
  -39.990  -39.972  -16.408  -16.244  -16.142  -16.097  -15.986  -15.944
            0.000000 -0.481541  0.209634
  -39.990  -39.972  -16.408  -16.243  -16.142  -16.097  -15.986  -15.944
            0.000000 -0.479490  0.216622
  -39.990  -39.972  -16.408  -16.242  -16.142  -16.097  -15.987  -15.944
            0.000000 -0.477440  0.223610
  -39.990  -39.972  -16.408  -16.241  -16.142  -16.097  -15.988  -15.944
            0.000000 -0.475389  0.230598
  -39.990  -39.972  -16.408  -16.240  -16.142  -16.097  -15.988  -15.944
            0.000000 -0.473338  0.237586
  -39.990  -39.972  -16.408  -16.239  -16.142  -16.097  -15.989  -15.944
            0.000000 -0.471287  0.244574
  -39.989  -39.972  -16.408  -16.238  -16.142  -16.097  -15.990  -15.944
            0.000000 -0.469236  0.251562
  -39.989  -39.972  -16.408  -16.237  -16.141  -16.097  -15.990  -15.944
            0.000000 -0.467185  0.258549
  -39.989  -39.972  -16.408  -16.236  -16.141  -16.097  -15.991  -15.944
            0.000000 -0.465134  0.265537
  -39.989  -39.973  -16.407  -16.236  -16.141  -16.097  -15.992  -15.944
            0.000000 -0.463083  0.272525
  -39.989  -39.973  -16.407  -16.235  -16.140  -16.097  -15.992  -15.944
            0.000000 -0.461032  0.279513
  -39.989  -39.973  -16.407  -16.234  -16.140  -16.097  -15.993  -15.944
            0.000000 -0.458981  0.286501
  -39.989  -39.973  -16.407  -16.234  -16.139  -16.098  -15.994  -15.944
            0.000000 -0.456930  0.293489
  -39.989  -39.973  -16.406  -16.233  -16.139  -16.098  -15.995  -15.944
           -0.007370 -0.456930  0.293489
  -39.989  -39.973  -16.406  -16.233  -16.139  -16.098  -15.995  -15.944
           -0.014740 -0.456930  0.293489
  -39.989  -39.973  -16.406  -16.233  -16.139  -16.098  -15.995  -15.944
           -0.022110 -0.456930  0.293489
  -39.989  -39.973  -16.406  -16.233  -16.139  -16.099  -15.995  -15.945
           -0.029479 -0.456930  0.293489
  -39.989  -39.973  -16.406  -16.233  -16.139  -16.100  -15.995  -15.945
           -0.036849 -0.456930  0.293489
  -39.989  -39.973  -16.406  -16.233  -16.139  -16.101  -15.995  -15.946
           -0.044219 -0.456930  0.293489
  -39.989  -39.973  -16.405  -16.233  -16.138  -16.102  -15.995  -15.948
           -0.051589 -0.456930  0.293489
  -39.988  -39.973  -16.405  -16.232  -16.138  -16.104  -15.995  -15.949
           -0.058959 -0.456930  0.293489
  -39.988  -39.973  -16.405  -16.232  -16.138  -16.106  -15.995  -15.950
           -0.066329 -0.456930  0.293489
  -39.988  -39.972  -16.404  -16.232  -16.138  -16.108  -15.995  -15.952
           -0.073698 -0.456930  0.293488
  -39.988  -39.972  -16.404  -16.232  -16.138  -16.110  -15.996  -15.954
           -0.081068 -0.456930  0.293488
  -39.988  -39.972  -16.403  -16.231  -16.138  -16.112  -15.996  -15.956
           -0.088438 -0.456930  0.293488
  -39.987  -39.972  -16.402  -16.231  -16.139  -16.114  -15.996  -15.958
           -0.095808 -0.456930  0.293488
  -39.987  -39.972  -16.402  -16.230  -16.139  -16.116  -15.997  -15.960
           -0.103178 -0.456930  0.293488
  -39.987  -39.972  -16.401  -16.230  -16.140  -16.118  -15.998  -15.962
           -0.110548 -0.456930  0.293488
  -39.987  -39.972  -16.400  -16.230  -16.142  -16.119  -15.999  -15.964
           -0.117917 -0.456930  0.293488
  -39.986  -39.971  -16.400  -16.229  -16.144  -16.120  -16.000  -15.967
           -0.125287 -0.456930  0.293488
  -39.986  -39.971  -16.399  -16.229  -16.146  -16.121  -16.001  -15.969
           -0.132657 -0.456930  0.293488
  -39.986  -39.971  -16.398  -16.228  -16.149  -16.121  -16.003  -15.971
           -0.140027 -0.456930  0.293488
  -39.985  -39.971  -16.397  -16.228  -16.153  -16.121  -16.004  -15.973
           -0.147397 -0.456930  0.293488
  -39.985  -39.971  -16.396  -16.227  -16.157  -16.121  -16.007  -15.975
           -0.154767 -0.456930  0.293488
  -39.984  -39.970  -16.395  -16.227  -16.161  -16.120  -16.009  -15.977
           -0.162136 -0.456930  0.293488
  -39.984  -39.970  -16.394  -16.227  -16.165  -16.120  -16.012  -15.978
           -0.169506 -0.456930  0.293488
  -39.984  -39.970  -16.393  -16.227  -16.169  -16.119  -16.015  -15.980
           -0.176876 -0.456930  0.293488
  -39.983  -39.970  -16.392  -16.227  -16.173  -16.118  -16.018  -15.981
           -0.184246 -0.456930  0.293488
  -39.983  -39.970  -16.391  -16.227  -16.177  -16.118  -16.021  -15.982
           -0.191616 -0.456930  0.293488
  -39.982  -39.969  -16.390  -16.227  -16.182  -16.117  -16.025  -15.983
           -0.198986 -0.456930  0.293488
  -39.982  -39.969  -16.389  -16.228  -16.185  -16.116  -16.028  -15.984
           -0.206355 -0.456930  0.293488
  -39.981  -39.969  -16.388  -16.229  -16.189  -16.116  -16.032  -15.985
           -0.213725 -0.456930  0.293488
  -39.981  -39.969  -16.387  -16.230  -16.192  -16.115  -16.035  -15.986
           -0.221095 -0.456930  0.293488
  -39.980  -39.968  -16.386  -16.232  -16.195  -16.115  -16.039  -15.987
           -0.228465 -0.456930  0.293487
  -39.980  -39.968  -16.385  -16.235  -16.197  -16.115  -16.042  -15.987
           -0.235835 -0.456930  0.293487
  -39.979  -39.968  -16.383  -16.238  -16.199  -16.115  -16.046  -15.988
           -0.243205 -0.456930  0.293487
  -39.979  -39.968  -16.382  -16.242  -16.200  -16.115  -16.048  -15.989
           -0.250575 -0.456930  0.293487
  -39.978  -39.967  -16.381  -16.246  -16.200  -16.115  -16.051  -15.990
           -0.257944 -0.456930  0.293487
  -39.978  -39.967  -16.380  -16.251  -16.201  -16.116  -16.053  -15.991
           -0.265314 -0.456930  0.293487
  -39.977  -39.967  -16.379  -16.256  -16.201  -16.118  -16.055  -15.992
           -0.272684 -0.456930  0.293487
  -39.976  -39.967  -16.378  -16.261  -16.200  -16.119  -16.057  -15.993
           -0.280054 -0.456930  0.293487
  -39.976  -39.967  -16.377  -16.266  -16.200  -16.121  -16.058  -15.994
           -0.287424 -0.456930  0.293487
  -39.975  -39.966  -16.376  -16.271  -16.200  -16.123  -16.059  -15.995
           -0.294794 -0.456930  0.293487
  -39.975  -39.966  -16.374  -16.276  -16.199  -16.126  -16.059  -15.996
           -0.302163 -0.456930  0.293487
  -39.974  -39.966  -16.373  -16.281  -16.199  -16.129  -16.059  -15.997
           -0.309533 -0.456930  0.293487
  -39.974  -39.966  -16.372  -16.286  -16.198  -16.132  -16.058  -15.998
           -0.316903 -0.456930  0.293487
  -39.973  -39.966  -16.371  -16.291  -16.198  -16.135  -16.058  -15.999
           -0.324273 -0.456930  0.293487
  -39.973  -39.965  -16.370  -16.296  -16.197  -16.139  -16.057  -16.000
           -0.331643 -0.456930  0.293487
  -39.972  -39.965  -16.369  -16.301  -16.196  -16.142  -16.056  -16.001
           -0.339013 -0.456930  0.293487
  -39.972  -39.965  -16.368  -16.305  -16.196  -16.146  -16.055  -16.002
           -0.346382 -0.456930  0.293487
  -39.971  -39.965  -16.367  -16.310  -16.195  -16.149  -16.053  -16.003
           -0.353752 -0.456930  0.293487
  -39.971  -39.965  -16.366  -16.315  -16.194  -16.153  -16.052  -16.005
           -0.361122 -0.456930  0.293487
  -39.970  -39.965  -16.365  -16.319  -16.194  -16.156  -16.050  -16.006
           -0.368492 -0.456930  0.293487
  -39.970  -39.965  -16.364  -16.323  -16.193  -16.159  -16.048  -16.007
           -0.375862 -0.456930  0.293487
  -39.969  -39.965  -16.364  -16.327  -16.193  -16.163  -16.047  -16.008
           -0.383232 -0.456930  0.293486
  -39.969  -39.965  -16.363  -16.331  -16.192  -16.166  -16.045  -16.010
           -0.390601 -0.456930  0.293486
  -39.968  -39.965  -16.362  -16.334  -16.192  -16.169  -16.043  -16.011
           -0.397971 -0.456930  0.293486
  -39.968  -39.965  -16.361  -16.338  -16.191  -16.172  -16.041  -16.013
           -0.405341 -0.456930  0.293486
  -39.967  -39.965  -16.361  -16.341  -16.191  -16.174  -16.039  -16.014
           -0.412711 -0.456930  0.293486
  -39.967  -39.965  -16.360  -16.344  -16.190  -16.177  -16.037  -16.016
           -0.420081 -0.456930  0.293486
  -39.967  -39.965  -16.359  -16.347  -16.190  -16.179  -16.035  -16.017
           -0.427451 -0.456930  0.293486
  -39.966  -39.965  -16.359  -16.349  -16.189  -16.181  -16.034  -16.019
           -0.434820 -0.456930  0.293486
  -39.966  -39.965  -16.358  -16.352  -16.189  -16.183  -16.032  -16.021
           -0.442190 -0.456930  0.293486
  -39.966  -39.965  -16.358  -16.354  -16.189  -16.185  -16.030  -16.022
           -0.449560 -0.456930  0.293486
  -39.965  -39.965  -16.357  -16.356  -16.188  -16.187  -16.028  -16.024
           -0.456930 -0.456930  0.293486
  -39.965  -39.965  -16.357  -16.357  -16.188  -16.188  -16.026  -16.026
           -0.452170 -0.452170  0.290429
  -39.965  -39.965  -16.356  -16.356  -16.188  -16.187  -16.026  -16.025
           -0.447411 -0.447411  0.287372
  -39.965  -39.965  -16.356  -16.355  -16.187  -16.186  -16.027  -16.025
           -0.442651 -0.442651  0.284315
  -39.966  -39.965  -16.355  -16.354  -16.186  -16.185  -16.028  -16.025
           -0.437891 -0.437891  0.281257
  -39.966  -39.965  -16.354  -16.353  -16.185  -16.184  -16.028  -16.025
           -0.433132 -0.433132  0.278200
  -39.966  -39.965  -16.353  -16.352  -16.184  -16.183  -16.029  -16.024
           -0.428372 -0.428372  0.275143
  -39.966  -39.966  -16.352  -16.351  -16.183  -16.182  -16.030  -16.024
           -0.423612 -0.423612  0.272086
  -39.967  -39.966  -16.350  -16.350  -16.182  -16.181  -16.031  -16.023
           -0.418853 -0.418853  0.269029
  -39.967  -39.966  -16.349  -16.348  -16.181  -16.179  -16.032  -16.023
           -0.414093 -0.414093  0.265972
  -39.967  -39.966  -16.348  -16.347  -16.180  -16.178  -16.033  -16.022
           -0.409333 -0.409333  0.262915
  -39.968  -39.966  -16.346  -16.345  -16.179  -16.176  -16.034  -16.021
           -0.404573 -0.404573  0.259857
  -39.968  -39.966  -16.345  -16.344  -16.178  -16.174  -16.036  -16.020
           -0.399814 -0.399814  0.256800
  -39.969  -39.966  -16.343  -16.342  -16.177  -16.173  -16.037  -16.020
           -0.395054 -0.395054  0.253743
  -39.969  -39.966  -16.342  -16.340  -16.176  -16.171  -16.038  -16.019
           -0.390294 -0.390294  0.250686
  -39.969  -39.967  -16.340  -16.338  -16.174  -16.169  -16.040  -16.018
           -0.385535 -0.385535  0.247629
  -39.970  -39.967  -16.338  -16.336  -16.173  -16.167  -16.041  -16.017
           -0.380775 -0.380775  0.244572
  -39.970  -39.967  -16.336  -16.334  -16.172  -16.165  -16.043  -16.016
           -0.376015 -0.376015  0.241515
  -39.971  -39.967  -16.334  -16.332  -16.171  -16.163  -16.044  -16.015
           -0.371256 -0.371256  0.238457
  -39.972  -39.967  -16.332  -16.330  -16.169  -16.160  -16.046  -16.014
           -0.366496 -0.366496  0.235400
  -39.972  -39.967  -16.330  -16.328  -16.168  -16.158  -16.047  -16.013
           -0.361736 -0.361736  0.232343
  -39.973  -39.968  -16.328  -16.326  -16.167  -16.156  -16.049  -16.012
           -0.356977 -0.356977  0.229286
  -39.973  -39.968  -16.326  -16.323  -16.166  -16.154  -16.050  -16.010
           -0.352217 -0.352217  0.226229
  -39.974  -39.968  -16.324  -16.321  -16.165  -16.151  -16.052  -16.009
           -0.347457 -0.347457  0.223172
  -39.974  -39.968  -16.321  -16.319  -16.163  -16.149  -16.054  -16.008
           -0.342697 -0.342697  0.220115
  -39.975  -39.968  -16.319  -16.316  -16.162  -16.146  -16.055  -16.007
           -0.337938 -0.337938  0.217057
  -39.976  -39.968  -16.316  -16.314  -16.161  -16.144  -16.056  -16.005
           -0.333178 -0.333178  0.214000
  -39.976  -39.969  -16.313  -16.311  -16.160  -16.141  -16.058  -16.004
           -0.328418 -0.328418  0.210943
  -39.977  -39.969  -16.311  -16.308  -16.160  -16.138  -16.059  -16.002
           -0.323659 -0.323659  0.207886
  -39.978  -39.969  -16.308  -16.306  -16.159  -16.136  -16.060  -16.001
           -0.318899 -0.318899  0.204829
  -39.979  -39.969  -16.305  -16.303  -16.158  -16.133  -16.061  -16.000
           -0.314139 -0.314139  0.201772
  -39.979  -39.969  -16.302  -16.300  -16.158  -16.130  -16.062  -15.998
           -0.309380 -0.309380  0.198714
  -39.980  -39.970  -16.299  -16.298  -16.158  -16.127  -16.063  -15.996
           -0.304620 -0.304620  0.195657
  -39.981  -39.970  -16.296  -16.295  -16.158  -16.125  -16.063  -15.995
           -0.299860 -0.299860  0.192600
  -39.981  -39.970  -16.293  -16.292  -16.158  -16.122  -16.064  -15.993
           -0.295101 -0.295101  0.189543
  -39.982  -39.970  -16.290  -16.290  -16.158  -16.119  -16.064  -15.992
           -0.290341 -0.290341  0.186486
  -39.983  -39.970  -16.287  -16.287  -16.158  -16.116  -16.064  -15.990
           -0.285581 -0.285581  0.183429
  -39.984  -39.971  -16.284  -16.283  -16.159  -16.113  -16.064  -15.988
           -0.280822 -0.280822  0.180372
  -39.984  -39.971  -16.281  -16.280  -16.159  -16.110  -16.063  -15.987
           -0.276062 -0.276062  0.177314
  -39.985  -39.971  -16.279  -16.276  -16.160  -16.107  -16.063  -15.985
           -0.271302 -0.271302  0.174257
  -39.986  -39.971  -16.276  -16.273  -16.161  -16.104  -16.062  -15.983
           -0.266543 -0.266543  0.171200
  -39.987  -39.971  -16.274  -16.269  -16.162  -16.101  -16.061  -15.982
           -0.261783 -0.261783  0.168143
  -39.988  -39.972  -16.271  -16.266  -16.163  -16.098  -16.060  -15.980
           -0.257023 -0.257023  0.165086
  -39.988  -39.972  -16.269  -16.262  -16.165  -16.095  -16.059  -15.978
           -0.252263 -0.252263  0.162029
  -39.989  -39.972  -16.266  -16.259  -16.166  -16.092  -16.057  -15.977
           -0.247504 -0.247504  0.158972
  -39.990  -39.972  -16.264  -16.255  -16.167  -16.089  -16.056  -15.975
           -0.242744 -0.242744  0.155914
  -39.991  -39.972  -16.262  -16.251  -16.168  -16.086  -16.054  -15.973
           -0.237984 -0.237984  0.152857
  -39.992  -39.973  -16.260  -16.247  -16.170  -16.082  -16.052  -15.972
           -0.233225 -0.233225  0.149800
  -39.992  -39.973  -16.258  -16.244  -16.171  -16.079  -16.051  -15.970
           -0.228465 -0.228465  0.146743
  -39.993  -39.973  -16.257  -16.240  -16.172  -16.076  -16.049  -15.968
           -0.223705 -0.223705  0.143686
  -39.994  -39.973  -16.256  -16.236  -16.173  -16.073  -16.047  -15.966
           -0.218946 -0.218946  0.140629
  -39.995  -39.973  -16.255  -16.232  -16.173  -16.070  -16.045  -15.965
           -0.214186 -0.214186  0.137572
  -39.996  -39.974  -16.254  -16.228  -16.174  -16.067  -16.043  -15.963
           -0.209426 -0.209426  0.134514
  -39.996  -39.974  -16.253  -16.225  -16.174  -16.064  -16.040  -15.961
           -0.204667 -0.204667  0.131457
  -39.997  -39.974  -16.253  -16.221  -16.174  -16.061  -16.038  -15.960
           -0.199907 -0.199907  0.128400
  -39.998  -39.974  -16.253  -16.217  -16.174  -16.058  -16.036  -15.958
           -0.195147 -0.195147  0.125343
  -39.999  -39.974  -16.254  -16.213  -16.173  -16.055  -16.034  -15.957
           -0.190387 -0.190387  0.122286
  -39.999  -39.975  -16.255  -16.209  -16.173  -16.051  -16.031  -15.955
           -0.185628 -0.185628  0.119229
  -40.000  -39.975  -16.256  -16.206  -16.172  -16.048  -16.029  -15.954
           -0.180868 -0.180868  0.116172
  -40.001  -39.975  -16.257  -16.202  -16.171  -16.045  -16.027  -15.952
           -0.176108 -0.176108  0.113114
  -40.002  -39.975  -16.258  -16.198  -16.169  -16.042  -16.025  -15.951
           -0.171349 -0.171349  0.110057
  -40.002  -39.975  -16.260  -16.195  -16.168  -16.039  -16.022  -15.949
           -0.166589 -0.166589  0.107000
  -40.003  -39.975  -16.262  -16.191  -16.166  -16.037  -16.020  -15.948
           -0.161829 -0.161829  0.103943
  -40.004  -39.976  -16.263  -16.187  -16.164  -16.034  -16.018  -15.946
           -0.157070 -0.157070  0.100886
  -40.005  -39.976  -16.265  -16.184  -16.163  -16.031  -16.016  -15.945
           -0.152310 -0.152310  0.097829
  -40.005  -39.976  -16.268  -16.180  -16.161  -16.028  -16.013  -15.944
           -0.147550 -0.147550  0.094772
  -40.006  -39.976  -16.270  -16.177  -16.159  -16.025  -16.011  -15.942
           -0.142791 -0.142791  0.091714
  -40.007  -39.976  -16.272  -16.174  -16.157  -16.022  -16.009  -15.941
           -0.138031 -0.138031  0.088657
  -40.007  -39.976  -16.274  -16.170  -16.155  -16.019  -16.007  -15.940
           -0.133271 -0.133271  0.085600
  -40.008  -39.976  -16.276  -16.167  -16.153  -16.017  -16.005  -15.939
           -0.128512 -0.128512  0.082543
  -40.008  -39.977  -16.279  -16.164  -16.151  -16.014  -16.003  -15.938
           -0.123752 -0.123752  0.079486
  -40.009  -39.977  -16.281  -16.161  -16.149  -16.011  -16.001  -15.937
           -0.118992 -0.118992  0.076429
  -40.010  -39.977  -16.283  -16.158  -16.147  -16.009  -15.999  -15.936
           -0.114233 -0.114233  0.073372
  -40.010  -39.977  -16.285  -16.155  -16.145  -16.006  -15.997  -15.935
           -0.109473 -0.109473  0.070314
  -40.011  -39.977  -16.288  -16.152  -16.143  -16.004  -15.995  -15.934
           -0.104713 -0.104713  0.067257
  -40.011  -39.977  -16.290  -16.149  -16.141  -16.002  -15.993  -15.933
           -0.099953 -0.099953  0.064200
  -40.012  -39.977  -16.292  -16.147  -16.139  -15.999  -15.992  -15.932
           -0.095194 -0.095194  0.061143
  -40.012  -39.977  -16.294  -16.144  -16.137  -15.997  -15.990  -15.931
           -0.090434 -0.090434  0.058086
  -40.013  -39.978  -16.296  -16.142  -16.136  -15.995  -15.988  -15.930
           -0.085674 -0.085674  0.055029
  -40.013  -39.978  -16.298  -16.140  -16.134  -15.993  -15.987  -15.930
           -0.080915 -0.080915  0.051971
  -40.013  -39.978  -16.299  -16.137  -16.132  -15.991  -15.985  -15.929
           -0.076155 -0.076155  0.048914
  -40.014  -39.978  -16.301  -16.135  -16.131  -15.989  -15.984  -15.928
           -0.071395 -0.071395  0.045857
  -40.014  -39.978  -16.303  -16.133  -16.129  -15.987  -15.983  -15.928
           -0.066636 -0.066636  0.042800
  -40.015  -39.978  -16.304  -16.131  -16.128  -15.985  -15.982  -15.927
           -0.061876 -0.061876  0.039743
  -40.015  -39.978  -16.306  -16.130  -16.127  -15.984  -15.980  -15.927
           -0.057116 -0.057116  0.036686
  -40.015  -39.978  -16.307  -16.128  -16.126  -15.982  -15.979  -15.926
           -0.052357 -0.052357  0.033629
  -40.015  -39.978  -16.308  -16.127  -16.124  -15.981  -15.978  -15.926
           -0.047597 -0.047597  0.030571
  -40.016  -39.978  -16.310  -16.125  -16.123  -15.979  -15.977  -15.925
           -0.042837 -0.042837  0.027514
  -40.016  -39.978  -16.311  -16.124  -16.123  -15.978  -15.977  -15.925
           -0.038078 -0.038078  0.024457
  -40.016  -39.978  -16.312  -16.123  -16.122  -15.977  -15.976  -15.925
           -0.033318 -0.033318  0.021400
  -40.016  -39.978  -16.313  -16.122  -16.121  -15.976  -15.975  -15.925
           -0.028558 -0.028558  0.018343
  -40.016  -39.978  -16.313  -16.121  -16.120  -15.975  -15.975  -15.924
           -0.023798 -0.023798  0.015286
  -40.017  -39.978  -16.314  -16.120  -16.120  -15.975  -15.974  -15.924
           -0.019039 -0.019039  0.012229
  -40.017  -39.978  -16.314  -16.120  -16.119  -15.974  -15.974  -15.924
           -0.014279 -0.014279  0.009171
  -40.017  -39.978  -16.315  -16.119  -16.119  -15.974  -15.973  -15.924
           -0.009519 -0.009519  0.006114
  -40.017  -39.979  -16.315  -16.119  -16.119  -15.973  -15.973  -15.924
           -0.004760 -0.004760  0.003057
  -40.017  -39.979  -16.315  -16.119  -16.119  -15.973  -15.973  -15.924
            0.000000  0.000000  0.000000
  -40.017  -39.979  -16.315  -16.119  -16.119  -15.973  -15.973  -15.924
            0.000000  0.000000  0.007337
  -40.017  -39.979  -16.315  -16.119  -16.119  -15.973  -15.973  -15.924
            0.000000  0.000000  0.014674
  -40.017  -39.979  -16.315  -16.119  -16.119  -15.973  -15.973  -15.924
            0.000000  0.000000  0.022011
  -40.017  -39.979  -16.314  -16.119  -16.119  -15.973  -15.973  -15.925
            0.000000  0.000000  0.029349
  -40.017  -39.979  -16.313  -16.119  -16.119  -15.973  -15.973  -15.926
            0.000000  0.000000  0.036686
  -40.017  -39.979  -16.312  -16.119  -16.119  -15.973  -15.973  -15.928
            0.000000  0.000000  0.044023
  -40.016  -39.979  -16.310  -16.119  -16.119  -15.972  -15.972  -15.929
            0.000000  0.000000  0.051360
  -40.016  -39.979  -16.308  -16.119  -16.119  -15.972  -15.972  -15.931
            0.000000  0.000000  0.058697
  -40.016  -39.979  -16.306  -16.119  -16.119  -15.972  -15.972  -15.934
            0.000000  0.000000  0.066034
  -40.016  -39.980  -16.304  -16.120  -16.120  -15.972  -15.972  -15.936
            0.000000  0.000000  0.073372
  -40.015  -39.980  -16.301  -16.120  -16.120  -15.972  -15.972  -15.939
            0.000000  0.000000  0.080709
  -40.015  -39.980  -16.298  -16.120  -16.120  -15.971  -15.971  -15.942
            0.000000  0.000000  0.088046
  -40.015  -39.981  -16.295  -16.120  -16.120  -15.971  -15.971  -15.946
            0.000000  0.000000  0.095383
  -40.014  -39.981  -16.291  -16.121  -16.121  -15.971  -15.971  -15.950
            0.000000  0.000000  0.102720
  -40.014  -39.981  -16.287  -16.121  -16.121  -15.970  -15.970  -15.954
            0.000000  0.000000  0.110057
  -40.014  -39.982  -16.283  -16.121  -16.121  -15.970  -15.970  -15.958
            0.000000  0.000000  0.117394
  -40.013  -39.982  -16.279  -16.122  -16.122  -15.970  -15.970  -15.962
            0.000000  0.000000  0.124732
  -40.013  -39.983  -16.275  -16.122  -16.122  -15.970  -15.970  -15.967
            0.000000  0.000000  0.132069
  -40.012  -39.983  -16.270  -16.122  -16.122  -15.972  -15.969  -15.969
            0.000000  0.000000  0.139406
  -40.012  -39.984  -16.265  -16.123  -16.123  -15.978  -15.969  -15.969
            0.000000  0.000000  0.146743
  -40.011  -39.984  -16.260  -16.123  -16.123  -15.983  -15.969  -15.969
            0.000000  0.000000  0.154080
  -40.011  -39.985  -16.254  -16.123  -16.123  -15.989  -15.968  -15.968
            0.000000  0.000000  0.161417
  -40.010  -39.985  -16.248  -16.124  -16.124  -15.995  -15.968  -15.968
            0.000000  0.000000  0.168754
  -40.010  -39.986  -16.243  -16.124  -16.124  -16.001  -15.967  -15.967
            0.000000  0.000000  0.176092
  -40.009  -39.986  -16.237  -16.124  -16.124  -16.007  -15.967  -15.967
            0.000000  0.000000  0.183429
  -40.008  -39.987  -16.231  -16.125  -16.125  -16.013  -15.967  -15.967
            0.000000  0.000000  0.190766
  -40.008  -39.988  -16.224  -16.125  -16.125  -16.020  -15.967  -15.967
            0.000000  0.000000  0.198103
  -40.007  -39.988  -16.218  -16.125  -16.125  -16.027  -15.966  -15.966
            0.000000  0.000000  0.205440
  -40.006  -39.989  -16.211  -16.125  -16.125  -16.033  -15.966  -15.966
            0.000000  0.000000  0.212777
  -40.006  -39.990  -16.204  -16.126  -16.126  -16.040  -15.966  -15.966
            0.000000  0.000000  0.220115
  -40.005  -39.990  -16.197  -16.126  -16.126  -16.048  -15.965  -15.965
            0.000000  0.000000  0.227452
  -40.004  -39.991  -16.190  -16.126  -16.126  -16.055  -15.965  -15.965
            0.000000  0.000000  0.234789
  -40.004  -39.992  -16.183  -16.126  -16.126  -16.062  -15.965  -15.965
            0.000000  0.000000  0.242126
  -40.003  -39.993  -16.176  -16.126  -16.126  -16.070  -15.965  -15.965
            0.000000  0.000000  0.249463
  -40.002  -39.993  -16.168  -16.127  -16.127  -16.077  -15.965  -15.965
            0.000000  0.000000  0.256800
  -40.001  -39.994  -16.161  -16.127  -16.127  -16.085  -15.964  -15.964
            0.000000  0.000000  0.264137
  -40.001  -39.995  -16.153  -16.127  -16.127  -16.092  -15.964  -15.964
            0.000000  0.000000  0.271475
  -40.000  -39.995  -16.146  -16.127  -16.127  -16.100  -15.964  -15.964
            0.000000  0.000000  0.278812
  -39.999  -39.996  -16.138  -16.127  -16.127  -16.108  -15.964  -15.964
            0.000000  0.000000  0.286149
  -39.998  -39.997  -16.130  -16.127  -16.127  -16.115  -15.964  -15.964
            0.000000  0.000000  0.293486
  -39.998  -39.998  -16.127  -16.127  -16.123  -16.123  -15.964  -15.964
            0.000000 -0.535731 -0.000003
  -39.989  -39.973  -16.408  -16.235  -16.141  -16.097  -15.992  -15.944
            0.000000 -0.528392 -0.000003
  -39.989  -39.972  -16.409  -16.236  -16.143  -16.097  -15.990  -15.944
            0.000000 -0.521054 -0.000003
  -39.989  -39.972  -16.409  -16.237  -16.145  -16.097  -15.988  -15.944
            0.000000 -0.513715 -0.000003
  -39.990  -39.972  -16.410  -16.237  -16.147  -16.097  -15.986  -15.944
            0.000000 -0.506376 -0.000003
  -39.990  -39.972  -16.410  -16.238  -16.149  -16.097  -15.984  -15.944
            0.000000 -0.499037 -0.000003
  -39.990  -39.971  -16.410  -16.238  -16.151  -16.097  -15.982  -15.944
            0.000000 -0.491699 -0.000003
  -39.990  -39.971  -16.410  -16.238  -16.153  -16.097  -15.979  -15.944
            0.000000 -0.484360 -0.000003
  -39.991  -39.971  -16.409  -16.238  -16.155  -16.096  -15.977  -15.944
            0.000000 -0.477021 -0.000003
  -39.991  -39.971  -16.408  -16.238  -16.157  -16.096  -15.975  -15.944
            0.000000 -0.469682 -0.000003
  -39.991  -39.971  -16.407  -16.237  -16.159  -16.096  -15.973  -15.944
            0.000000 -0.462343 -0.000002
  -39.991  -39.970  -16.406  -16.237  -16.161  -16.096  -15.971  -15.945
            0.000000 -0.455005 -0.000002
  -39.992  -39.970  -16.404  -16.236  -16.162  -16.097  -15.969  -15.945
            0.000000 -0.447666 -0.000002
  -39.992  -39.970  -16.402  -16.235  -16.164  -16.097  -15.967  -15.945
            0.000000 -0.440327 -0.000002
  -39.992  -39.970  -16.400  -16.234  -16.166  -16.097  -15.965  -15.946
            0.000000 -0.432988 -0.000002
  -39.993  -39.970  -16.398  -16.233  -16.167  -16.097  -15.964  -15.946
            0.000000 -0.425649 -0.000002
  -39.993  -39.970  -16.395  -16.232  -16.168  -16.097  -15.962  -15.946
            0.000000 -0.418311 -0.000002
  -39.994  -39.970  -16.392  -16.231  -16.169  -16.097  -15.960  -15.947
            0.000000 -0.410972 -0.000002
  -39.994  -39.970  -16.389  -16.230  -16.170  -16.097  -15.958  -15.947
            0.000000 -0.403633 -0.000002
  -39.994  -39.970  -16.386  -16.228  -16.171  -16.098  -15.956  -15.947
            0.000000 -0.396294 -0.000002
  -39.995  -39.970  -16.382  -16.228  -16.171  -16.098  -15.955  -15.948
            0.000000 -0.388956 -0.000002
  -39.995  -39.970  -16.379  -16.227  -16.170  -16.098  -15.953  -15.948
            0.000000 -0.381617 -0.000002
  -39.996  -39.970  -16.375  -16.226  -16.170  -16.099  -15.952  -15.949
            0.000000 -0.374278 -0.000002
  -39.996  -39.970  -16.371  -16.226  -16.169  -16.099  -15.950  -15.949
            0.000000 -0.366939 -0.000002
  -39.997  -39.970  -16.366  -16.226  -16.167  -16.099  -15.950  -15.949
            0.000000 -0.359600 -0.000002
  -39.997  -39.970  -16.362  -16.226  -16.165  -16.100  -15.950  -15.947
            0.000000 -0.352262 -0.000002
  -39.998  -39.970  -16.358  -16.226  -16.162  -16.100  -15.951  -15.946
            0.000000 -0.344923 -0.000002
  -39.998  -39.971  -16.353  -16.227  -16.160  -16.100  -15.951  -15.944
            0.000000 -0.337584 -0.000002
  -39.999  -39.971  -16.348  -16.228  -16.156  -16.101  -15.952  -15.943
            0.000000 -0.330245 -0.000002
  -39.999  -39.971  -16.344  -16.229  -16.153  -16.101  -15.952  -15.942
            0.000000 -0.322906 -0.000002
  -40.000  -39.971  -16.339  -16.229  -16.149  -16.102  -15.953  -15.940
            0.000000 -0.315568 -0.000002
  -40.000  -39.971  -16.334  -16.230  -16.145  -16.102  -15.954  -15.939
            0.000000 -0.308229 -0.000002
  -40.001  -39.971  -16.329  -16.231  -16.140  -16.103  -15.954  -15.938
            0.000000 -0.300890 -0.000002
  -40.002  -39.972  -16.325  -16.232  -16.136  -16.103  -15.955  -15.937
            0.000000 -0.293551 -0.000002
  -40.002  -39.972  -16.320  -16.232  -16.131  -16.104  -15.956  -15.936
            0.000000 -0.286213 -0.000002
  -40.003  -39.972  -16.316  -16.232  -16.126  -16.104  -15.956  -15.935
            0.000000 -0.278874 -0.000002
  -40.003  -39.972  -16.312  -16.232  -16.121  -16.105  -15.957  -15.934
            0.000000 -0.271535 -0.000001
  -40.004  -39.972  -16.308  -16.232  -16.116  -16.105  -15.957  -15.933
            0.000000 -0.264196 -0.000001
  -40.004  -39.973  -16.305  -16.231  -16.110  -16.106  -15.958  -15.932
            0.000000 -0.256857 -0.000001
  -40.005  -39.973  -16.302  -16.230  -16.106  -16.105  -15.959  -15.931
            0.000000 -0.249519 -0.000001
  -40.006  -39.973  -16.300  -16.228  -16.107  -16.099  -15.959  -15.930
            0.000000 -0.242180 -0.000001
  -40.006  -39.973  -16.298  -16.226  -16.107  -16.094  -15.960  -15.929
            0.000000 -0.234841 -0.000001
  -40.007  -39.973  -16.296  -16.223  -16.108  -16.089  -15.961  -15.929
            0.000000 -0.227502 -0.000001
  -40.007  -39.974  -16.296  -16.220  -16.108  -16.083  -15.961  -15.928
            0.000000 -0.220164 -0.000001
  -40.008  -39.974  -16.295  -16.217  -16.109  -16.078  -15.962  -15.927
            0.000000 -0.212825 -0.000001
  -40.008  -39.974  -16.295  -16.213  -16.109  -16.072  -15.962  -15.927
            0.000000 -0.205486 -0.000001
  -40.009  -39.974  -16.295  -16.208  -16.110  -16.067  -15.963  -15.926
            0.000000 -0.198147 -0.000001
  -40.009  -39.975  -16.295  -16.204  -16.110  -16.061  -15.964  -15.926
            0.000000 -0.190808 -0.000001
  -40.010  -39.975  -16.296  -16.199  -16.111  -16.056  -15.964  -15.925
            0.000000 -0.183470 -0.000001
  -40.010  -39.975  -16.297  -16.194  -16.111  -16.051  -15.965  -15.925
            0.000000 -0.176131 -0.000001
  -40.011  -39.975  -16.298  -16.190  -16.112  -16.045  -15.966  -15.925
            0.000000 -0.168792 -0.000001
  -40.011  -39.976  -16.299  -16.185  -16.112  -16.040  -15.966  -15.924
            0.000000 -0.161453 -0.000001
  -40.012  -39.976  -16.300  -16.180  -16.113  -16.035  -15.967  -15.924
            0.000000 -0.154114 -0.000001
  -40.012  -39.976  -16.301  -16.175  -16.113  -16.030  -15.967  -15.924
            0.000000 -0.146776 -0.000001
  -40.012  -39.976  -16.302  -16.171  -16.114  -16.026  -15.968  -15.923
            0.000000 -0.139437 -0.000001
  -40.013  -39.976  -16.303  -16.166  -16.114  -16.021  -15.968  -15.923
            0.000000 -0.132098 -0.000001
  -40.013  -39.977  -16.304  -16.162  -16.115  -16.017  -15.969  -15.923
            0.000000 -0.124759 -0.000001
  -40.014  -39.977  -16.305  -16.158  -16.115  -16.012  -15.969  -15.923
            0.000000 -0.117421 -0.000001
  -40.014  -39.977  -16.306  -16.153  -16.115  -16.008  -15.969  -15.923
            0.000000 -0.110082 -0.000001
  -40.014  -39.977  -16.307  -16.150  -16.116  -16.004  -15.970  -15.923
            0.000000 -0.102743 -0.000001
  -40.015  -39.977  -16.308  -16.146  -16.116  -16.001  -15.970  -15.923
            0.000000 -0.095404 -0.000001
  -40.015  -39.977  -16.309  -16.142  -16.116  -15.997  -15.971  -15.923
            0.000000 -0.088065 -0.000000
  -40.015  -39.978  -16.310  -16.139  -16.117  -15.994  -15.971  -15.923
            0.000000 -0.080727 -0.000000
  -40.016  -39.978  -16.311  -16.136  -16.117  -15.990  -15.971  -15.923
            0.000000 -0.073388 -0.000000
  -40.016  -39.978  -16.312  -16.133  -16.117  -15.988  -15.972  -15.923
            0.000000 -0.066049 -0.000000
  -40.016  -39.978  -16.312  -16.130  -16.118  -15.985  -15.972  -15.923
            0.000000 -0.058710 -0.000000
  -40.016  -39.978  -16.313  -16.128  -16.118  -15.983  -15.972  -15.923
            0.000000 -0.051371 -0.000000
  -40.016  -39.978  -16.314  -16.126  -16.118  -15.980  -15.972  -15.923
            0.000000 -0.044033 -0.000000
  -40.016  -39.978  -16.314  -16.124  -16.118  -15.978  -15.973  -15.923
            0.000000 -0.036694 -0.000000
  -40.017  -39.978  -16.314  -16.122  -16.118  -15.977  -15.973  -15.924
            0.000000 -0.029355 -0.000000
  -40.017  -39.978  -16.315  -16.121  -16.118  -15.975  -15.973  -15.924
            0.000000 -0.022016 -0.000000
  -40.017  -39.978  -16.315  -16.120  -16.118  -15.974  -15.973  -15.924
            0.000000 -0.014678 -0.000000
  -40.017  -39.979  -16.315  -16.119  -16.118  -15.974  -15.973  -15.924
            0.000000 -0.007339 -0.000000
  -40.017  -39.979  -16.315  -16.119  -16.119  -15.973  -15.973  -15.924
            0.000000  0.000000  0.000000
  -40.017  -39.979  -16.315  -16.119  -16.119  -15.973  -15.973  -15.924
